                                  Index  Arithmancy  ...    Charms    Flying
Index                          1.000000    0.052397  ...  0.031600 -0.027881
Arithmancy                     0.052397    1.000000  ... -0.100896 -0.166747
Astronomy                     -0.051130   -0.033355  ... -0.521203  0.523958
Herbology                      0.017942   -0.018613  ...  0.746614 -0.271344
Defense Against the Dark Arts  0.048723    0.037280  ...  0.521115 -0.526304
Divination                    -0.020106   -0.003485  ...  0.395282  0.402269
Muggle Studies                 0.027661   -0.055085  ...  0.847607 -0.184862
Ancient Runes                  0.025414    0.076992  ...  0.354147  0.559944
History of Magic               0.034391   -0.069778  ...  0.539685 -0.896283
Transfiguration                0.019526   -0.004673  ...  0.549467 -0.873673
Potions                        0.018493   -0.302859  ...  0.248049 -0.558594
Care of Magical Creatures      0.003843   -0.042129  ...  0.049265 -0.021738
Charms                         0.031600   -0.100896  ...  1.000000 -0.355194
Flying                        -0.027881   -0.166747  ... -0.355194  1.000000

[14 rows x 14 columns]
4.8788608595139005 	 -487.88608595139016
5.520605073421985 	 -552.0605073421984
3.6607611688232367 	 -366.0761168823237
-6.9774280884246895 	 697.742808842469
nan 	 436.7752035539525
6.136871603822727 	 -613.6871603822729
-6.280460512248515 	 628.0460512248516
-4.114127268406701 	 411.4127268406701
-4.963949449852823 	 496.3949449852823
-5.271935850836812 	 527.1935850836812
-6.049339619176023 	 604.9339619176021
-4.385569495868531 	 438.5569495868533
-7.0909461383705175 	 709.0946138370517
5.441920488261747 	 -544.1920488261749
1.9752731769185083 	 -197.52731769185084
4.476498122360021 	 -447.6498122360021
-4.7065375662672135 	 470.65375662672136
-6.511987485578008 	 651.1987485578007
1.510882087334648 	 -151.08820873346482
-4.581270261474805 	 458.1270261474805
-7.035535475473843 	 703.5535475473841
-6.893561417314063 	 689.3561417314064
2.6467831099799968 	 -264.6783109979997
-6.731671096812503 	 673.1671096812503
5.1122643835637325 	 -511.2264383563732
-5.081611883528949 	 508.1611883528949
4.190220852191144 	 -419.02208521911433
-6.125930323684193 	 612.5930323684191
-2.3688887900158813 	 236.8888790015881
-4.583420379432199 	 458.3420379432199
-6.0008134998843845 	 600.0813499884385
-5.143419372851155 	 514.3419372851155
3.0148337251116484 	 -301.4833725111648
-4.135749839598836 	 413.5749839598835
7.665199010356482 	 -766.5199010356482
2.790010918745341 	 -279.0010918745341
-5.692137823348701 	 569.2137823348702
-3.8437314002707774 	 384.37314002707774
6.193515715066601 	 -619.3515715066602
-5.950935168155142 	 595.093516815514
-4.94083695769108 	 494.083695769108
-4.864150306274456 	 486.4150306274456
5.91878579651734 	 -591.878579651734
-4.325608992333849 	 432.5608992333849
-4.400873111670082 	 440.0873111670082
4.150263289492602 	 -415.0263289492602
3.907121666260829 	 -390.7121666260828
-4.961748495670465 	 496.1748495670465
3.8774483245021134 	 -387.7448324502113
-6.4206680788778 	 642.0668078877801
-4.206281622512083 	 420.6281622512083
5.080961662440525 	 -508.0961662440525
6.5907450910048295 	 -659.0745091004828
5.180808291697742 	 -518.0808291697741
-4.425297807980382 	 442.5297807980382
2.4058083805465857 	 -240.5808380546587
-6.557822946950319 	 655.7822946950319
4.007418936801956 	 -400.7418936801956
-6.7994411487517965 	 679.9441148751796
-5.792673013893156 	 579.2673013893152
4.614093394908483 	 -461.4093394908483
3.5250013096293724 	 -352.50013096293725
-4.32235531177995 	 432.2355311779952
-1.9166200704041303 	 191.66200704041304
-3.262217198211632 	 326.2217198211632
-3.7658535593551887 	 376.58535593551886
-4.055757287788343 	 405.57572877883433
6.0816096613624415 	 -608.1609661362443
-5.461048515582916 	 546.1048515582914
-5.589850768521735 	 558.9850768521734
1.892700325590522 	 -189.27003255905225
4.636502500606741 	 -463.6502500606741
5.080190338128575 	 -508.0190338128575
-5.302273192044719 	 530.227319204472
2.039673776121939 	 -203.96737761219387
-4.408438262308951 	 440.8438262308952
5.57430814543727 	 -557.4308145437269
2.982622717840377 	 -298.2622717840378
-3.49734806499602 	 349.7348064996019
-4.186807819064732 	 418.6807819064729
-4.742898484815368 	 474.2898484815368
7.840030898335224 	 nan
5.158409219526714 	 -515.8409219526714
-3.360623367778062 	 336.0623367778062
-4.7718915910727775 	 477.18915910727776
-4.046306395491522 	 404.63063954915225
-6.611120436579647 	 661.1120436579648
-7.930759523309311 	 793.0759523309309
-5.616559199596363 	 561.6559199596363
-2.396957642127336 	 239.6957642127336
-4.739594644537472 	 473.9594644537471
-3.085446178723773 	 308.54461787237733
3.4589128549463566 	 -345.89128549463555
-2.368861914184944 	 236.8861914184944
-4.237297072789048 	 423.72970727890487
-7.372957435720048 	 737.2957435720047
-5.291895411283647 	 529.1895411283647
4.546973968449776 	 -454.6973968449776
6.624667943509652 	 -662.4667943509653
-3.8525969529995976 	 385.2596952999597
-6.633114579687891 	 663.3114579687891
-5.7175387451927016 	 571.7538745192702
6.3557420120703485 	 -635.5742012070349
-5.293030052289412 	 529.3030052289412
3.169581963040176 	 -316.95819630401763
-5.1426804708585125 	 514.2680470858512
5.298336462977353 	 -529.8336462977353
-1.539488923822856 	 153.9488923822856
-4.187979986881364 	 418.7979986881364
3.4047712877179466 	 -340.47712877179464
5.684347528438543 	 -568.4347528438542
5.8501912915779615 	 -585.0191291577961
6.420676826711983 	 -642.0676826711983
5.3596310084915775 	 -535.9631008491577
6.431680713069308 	 -643.1680713069306
-5.595125234247852 	 559.5125234247852
6.1577628844546295 	 -615.7762884454629
5.195256358296159 	 -519.5256358296159
-7.141149421297548 	 714.1149421297548
-4.023001417950553 	 402.3001417950553
6.051690924876692 	 -605.1690924876692
4.831771126229636 	 -483.1771126229637
4.362488464341468 	 -436.24884643414686
-0.4984224410654052 	 49.84224410654053
-5.752121843783338 	 575.2121843783339
5.2608598069250565 	 -526.0859806925057
-3.6250323189048657 	 362.5032318904866
5.3190439675433865 	 -531.9043967543388
4.889785079868637 	 -488.9785079868636
-6.57100095123139 	 657.100095123139
4.04372186541756 	 -404.372186541756
-4.29255452138743 	 429.2554521387429
6.089149949864727 	 -608.9149949864728
-3.5773541609040547 	 357.7354160904055
nan 	 -381.5660535327775
4.100433800648359 	 -410.0433800648359
6.502578796427902 	 -650.2578796427903
5.679367699236495 	 -567.9367699236492
-3.760672246218931 	 376.0672246218932
-7.413409427247831 	 741.3409427247833
-4.448624898617786 	 444.8624898617786
5.966361937636419 	 -596.6361937636419
-4.694059601258023 	 469.4059601258023
-3.892024319182312 	 389.2024319182311
-5.995852111840954 	 599.5852111840952
-5.9703662613154425 	 597.0366261315444
5.626819044344254 	 -562.6819044344254
-4.8989425324822005 	 489.89425324822
-2.9915988793687287 	 299.15988793687285
-7.032985890341222 	 703.2985890341223
4.637481242647566 	 -463.7481242647566
-6.661027100731754 	 666.1027100731758
-7.911833391441772 	 791.1833391441772
5.0467215959530565 	 -504.6721595953056
6.118966141749133 	 -611.8966141749132
-4.411569823924759 	 441.156982392476
-6.608558858847128 	 660.8558858847127
-4.7893829913883135 	 478.93829913883127
3.796584984259632 	 -379.6584984259632
5.383323832193066 	 -538.3323832193067
-4.766835504564386 	 476.6835504564386
-2.8163775377191747 	 281.6377537719174
-3.745028644248591 	 374.5028644248592
5.0083168103074085 	 -500.83168103074087
3.0626724923901745 	 -306.2672492390175
-6.509465307558137 	 650.9465307558138
-3.3882293086693736 	 338.82293086693727
-4.458123504230733 	 445.8123504230733
2.730798764317556 	 -273.0798764317556
-4.264515445639522 	 426.45154456395215
3.8308662372447206 	 -383.086623724472
-4.583909154797474 	 458.3909154797474
-4.988515227163389 	 498.8515227163389
5.440067552335278 	 -544.0067552335277
-5.398176221950281 	 539.817622195028
-4.762530837143403 	 476.2530837143403
6.474568161938352 	 -647.4568161938353
-4.178741273876153 	 417.87412738761526
5.394599817797457 	 -539.4599817797457
5.47556767659943 	 -547.5567676599428
2.7171282971133484 	 -271.7128297113348
-6.586907505621286 	 658.6907505621286
2.814286789956169 	 -281.4286789956169
nan 	 -416.6368113132445
3.654716611158285 	 -365.47166111582845
-5.05681327072416 	 505.681327072416
-6.261834382824775 	 626.1834382824775
5.259697368184118 	 -525.9697368184118
nan 	 426.24905868163256
-5.232887525464652 	 523.2887525464653
2.720351734619766 	 -272.03517346197657
-4.955887741908954 	 495.5887741908954
5.326318687848263 	 -532.6318687848265
-5.5836414622423245 	 558.3641462242324
7.4369579604592015 	 -743.6957960459201
-6.751752309586522 	 675.1752309586523
-8.255019412022268 	 825.5019412022267
5.967967703662612 	 -596.7967703662614
-2.208153067333725 	 220.8153067333725
6.042535200802579 	 -604.2535200802579
-5.682809648067849 	 568.2809648067849
-4.228462270050397 	 nan
4.95650941539802 	 -495.650941539802
4.797182211048663 	 -479.7182211048664
-5.476233911005721 	 547.6233911005722
-4.6247285531532825 	 462.4728553153282
-6.533988888493904 	 653.3988888493905
-6.708950944689251 	 670.8950944689251
-4.8739865696892 	 487.39865696892
5.599266516397339 	 -559.9266516397339
-2.9207267641220915 	 292.0726764122092
-6.766931113578218 	 676.6931113578221
7.628441229604538 	 -762.844122960454
4.651956065217432 	 nan
4.5284492774443725 	 -452.8449277444371
nan 	 254.0068131990921
-7.474469702535724 	 747.4469702535724
3.6081949826123614 	 -360.8194982612361
-5.591322739053424 	 559.1322739053422
-7.051179450496028 	 705.1179450496028
-5.5266480195067285 	 552.6648019506729
-5.522765764024474 	 552.2765764024474
-4.790278531009412 	 479.0278531009412
7.05767878939079 	 -705.767878939079
-5.169490913529813 	 516.9490913529813
4.853962837656369 	 -485.3962837656369
-2.572919020469264 	 257.2919020469263
-3.069303529143056 	 306.9303529143055
-1.8431329660364344 	 184.3132966036434
-6.066362612521184 	 606.6362612521184
-5.455868185538467 	 545.5868185538467
-3.9911784583830494 	 399.1178458383049
-5.517909720831296 	 551.7909720831296
3.651532030400437 	 -365.1532030400437
-2.2282775706040017 	 222.82775706040024
-7.52501894191985 	 nan
3.7164152530831154 	 -371.6415253083115
3.62780978338285 	 -362.7809783382849
-5.72782214091471 	 572.782214091471
-5.4518119958997655 	 545.1811995899767
-5.009054165532876 	 500.9054165532877
-3.823280765445562 	 382.3280765445562
-5.665356060266589 	 566.5356060266589
-1.8307434777484013 	 183.07434777484016
-3.6198001021914967 	 361.9800102191497
-2.8547919543556053 	 285.4791954355605
-5.729054680305334 	 572.9054680305335
-5.798379689889284 	 579.8379689889284
-5.9142054410900124 	 591.4205441090012
3.966408922535998 	 -396.64089225359976
5.2791325524926425 	 -527.9132552492642
2.9245519955160297 	 -292.4551995516032
5.214302399928272 	 -521.4302399928272
-4.307461438252797 	 430.7461438252797
-4.0431567553743175 	 404.3156755374317
3.4671897081857748 	 -346.71897081857765
3.321208254034105 	 -332.1208254034105
3.745740486528221 	 -374.5740486528221
-5.26453518706946 	 526.4535187069458
3.690375775656058 	 -369.0375775656058
6.0605402612348245 	 -606.0540261234822
-5.9656668440657405 	 596.5666844065737
5.4114139419969725 	 -541.1413941996973
-2.3751010129534125 	 237.5101012953413
5.942921238823361 	 -594.2921238823361
4.447821646726244 	 -444.7821646726243
6.191370880234128 	 -619.1370880234127
5.928948431034594 	 -592.8948431034594
-4.7456466570309805 	 474.56466570309806
7.382755610767763 	 -738.2755610767763
-5.31098888108585 	 531.098888108585
5.8446200813266005 	 -584.46200813266
-4.243224574806332 	 424.3224574806332
-2.27437621017206 	 227.437621017206
4.492780889068097 	 -449.27808890680967
5.577641790186791 	 -557.7641790186793
2.1518466637943106 	 -215.18466637943104
-5.77234856069598 	 577.234856069598
-6.943322075781324 	 694.3322075781323
-6.406720357262667 	 640.6720357262668
-6.1113486503047465 	 611.1348650304744
3.913734715680652 	 -391.3734715680652
-5.26332536374359 	 526.3325363743589
-4.915810088062119 	 491.5810088062119
3.884854723956243 	 -388.4854723956244
9.667405456412162 	 -966.7405456412164
-6.514999608709228 	 651.4999608709228
-4.809236332127161 	 480.9236332127162
-6.331277156839608 	 633.1277156839607
-6.3011917128789126 	 630.1191712878914
-6.927692364428077 	 692.7692364428074
-3.754288053895813 	 375.4288053895812
-5.1196770667855525 	 511.9677066785554
-2.4821131415207023 	 248.21131415207023
-7.422772325417572 	 742.2772325417573
-4.197173767552308 	 419.7173767552309
-5.414402797627196 	 541.4402797627197
-4.474098508648656 	 447.4098508648656
4.357746720829237 	 -435.7746720829237
-3.938507532762327 	 393.8507532762327
-3.477563164522848 	 347.75631645228475
-5.696190988885263 	 569.6190988885262
5.102794389777504 	 -510.2794389777504
-6.7620894241275575 	 676.2089424127561
-5.328765968028309 	 532.8765968028309
-6.400067615698987 	 640.0067615698988
5.653845081585858 	 -565.3845081585855
7.081871474568138 	 -708.1871474568138
-9.706176787699926 	 970.6176787699928
6.140486161818813 	 -614.0486161818812
6.823870436164067 	 nan
-6.927433222696292 	 692.7433222696292
5.36339092380472 	 -536.3390923804719
-7.852455080088474 	 785.2455080088472
-1.08831102524061 	 108.831102524061
-8.207533901967956 	 820.7533901967956
4.894937773271153 	 -489.4937773271154
5.281439208845597 	 -528.1439208845596
4.435863705200736 	 -443.5863705200736
-4.103783719215227 	 410.3783719215226
-5.587472151961904 	 558.7472151961902
3.2424679649795785 	 -324.2467964979578
3.032738721065145 	 -303.2738721065145
-6.815517915909855 	 681.5517915909854
-6.529188279676603 	 652.9188279676603
3.352923358174752 	 -335.2923358174752
6.1403567426212575 	 -614.0356742621258
4.395738713100032 	 -439.5738713100032
-4.803791190594106 	 480.3791190594107
4.8748674269603205 	 -487.486742696032
6.6423506790994535 	 -664.2350679099452
-5.222870254920903 	 522.28702549209
-3.773454214922188 	 377.3454214922188
-2.317256198759935 	 231.7256198759936
5.304087000788647 	 -530.4087000788646
5.858884287820076 	 -585.8884287820075
2.536857223147228 	 -253.68572231472268
5.614264046849011 	 -561.4264046849012
-6.387985824784483 	 638.7985824784482
-6.692621350157823 	 669.2621350157823
6.915486866581787 	 -691.5486866581787
5.101856490764977 	 -510.18564907649767
5.3406856173451605 	 -534.0685617345163
-3.2394064682964965 	 323.94064682964955
4.021060855319957 	 -402.10608553199575
5.247357552103312 	 -524.7357552103311
4.37712368897176 	 -437.712368897176
5.299789298810733 	 -529.9789298810733
-2.499337834632752 	 249.9337834632752
-4.130167516417238 	 413.0167516417238
-2.837866068397185 	 283.7866068397185
5.35163742064488 	 -535.163742064488
-5.076432132350707 	 507.64321323507073
-3.897293771438892 	 389.7293771438892
-3.6981544073998247 	 369.8154407399825
-4.57055910172768 	 457.055910172768
3.818708983922252 	 -381.8708983922251
-4.817930618673 	 481.7930618673
6.360225258578413 	 -636.0225258578413
nan 	 704.2010832469438
-6.628470690402407 	 662.8470690402407
-6.304975109781776 	 630.4975109781776
4.948982928881176 	 -494.8982928881176
5.241473542214806 	 -524.1473542214807
5.945577037927268 	 -594.5577037927266
2.5415562150222004 	 -254.15562150222004
5.540335576517107 	 -554.0335576517107
-5.567097833110749 	 556.7097833110748
5.672332904667709 	 -567.2332904667709
-7.460655561705106 	 746.0655561705106
4.8948754993447485 	 -489.4875499344749
-3.090370036338124 	 309.0370036338124
-7.1295045392359615 	 712.9504539235962
-3.906564801176275 	 390.6564801176275
-4.3224990617562815 	 432.2499061756282
nan 	 -367.9488316028729
5.029804263582339 	 -502.9804263582337
-7.734238326036853 	 773.4238326036854
3.9087628168494337 	 -390.87628168494336
5.162067634777757 	 -516.2067634777757
-7.534635137796266 	 753.4635137796266
-4.507681080371684 	 450.7681080371685
6.9322282122754375 	 -693.2228212275436
-6.811822459682173 	 681.1822459682172
-8.425382284675731 	 842.5382284675729
-3.9241615224906177 	 392.41615224906167
3.6322840486560666 	 -363.2284048656066
-5.3359081319423165 	 533.5908131942316
6.11073069921498 	 -611.0730699214979
-5.425036971732012 	 542.5036971732012
-5.507886502692499 	 550.7886502692501
4.399593128776637 	 -439.9593128776637
-4.720090214862 	 472.0090214862
-6.254850371120691 	 625.4850371120691
3.5131996433236834 	 -351.3199643323684
2.1979785200060182 	 -219.79785200060184
-7.386147903861419 	 738.6147903861419
4.601186777288107 	 -460.11867772881067
4.8440153838717634 	 -484.4015383871763
-6.345014997987944 	 634.5014997987944
5.5875200985049815 	 -558.7520098504981
-6.494195278990311 	 649.4195278990311
5.970759695877956 	 -597.0759695877956
-5.8711026821105765 	 587.1102682110577
5.184843319735563 	 -518.4843319735563
-7.627086353490252 	 762.7086353490254
4.685463139213171 	 -468.5463139213172
4.52730458413795 	 -452.73045841379496
6.461293234850025 	 -646.1293234850025
-5.532228659619129 	 553.2228659619128
6.972182100649942 	 -697.2182100649942
-2.3958454576835027 	 239.5845457683503
-5.0998015801708885 	 509.98015801708885
5.617576774602653 	 -561.7576774602652
-6.039817376579277 	 603.9817376579277
5.4315474025406525 	 -543.1547402540655
3.78210633689953 	 -378.210633689953
-3.6865910441136585 	 368.65910441136566
6.6754413530293855 	 -667.5441353029386
-6.7346242706271084 	 673.4624270627107
-5.782619144690282 	 nan
4.923514477569864 	 -492.3514477569863
-5.39565661806701 	 539.565661806701
-3.393772265706463 	 339.37722657064626
5.381378775672947 	 -538.1378775672947
-7.869513828347423 	 786.9513828347423
-3.655798127316365 	 365.5798127316365
-5.53423992465536 	 553.423992465536
-6.417789060982134 	 641.7789060982134
5.391979880438512 	 -539.1979880438513
-0.9114672493805624 	 91.14672493805624
5.990982941500016 	 -599.0982941500016
-4.92403637026018 	 492.403637026018
-5.1446993059416375 	 514.4699305941638
-7.044890765114412 	 704.4890765114412
-3.794956683045157 	 379.4956683045156
7.216453906095376 	 -721.6453906095378
8.344753351715907 	 -834.4753351715907
4.198789047838474 	 -419.87890478384736
4.523093951688416 	 -452.3093951688417
-6.3269857738431385 	 632.6985773843139
4.75384035406759 	 -475.38403540675904
5.272283383424695 	 -527.2283383424694
nan 	 490.2230027688162
5.203390056641314 	 -520.3390056641314
-5.104489572237131 	 510.44895722371314
-5.7959217468758135 	 579.5921746875814
-6.218990839137041 	 621.8990839137042
5.245204760103659 	 -524.5204760103659
-4.177877440443306 	 417.78774404433074
-5.699456905469365 	 569.9456905469365
-6.8034746565145285 	 680.3474656514527
5.614634459942157 	 -561.4634459942157
-4.5278006162280215 	 452.7800616228022
4.603411442290458 	 -460.3411442290457
6.54220529113255 	 -654.220529113255
7.135817918235342 	 nan
6.132179596193963 	 -613.2179596193963
-7.142218743819988 	 714.2218743819984
-6.00473294286454 	 600.4732942864539
-7.315703685555444 	 731.5703685555444
-6.402052369010089 	 640.2052369010089
5.282208301540893 	 -528.2208301540893
4.629080940232932 	 -462.90809402329313
-4.627314628432994 	 462.7314628432994
-4.948341411728032 	 494.8341411728032
-5.9375284796505206 	 593.7528479650521
-4.355695809472692 	 435.5695809472692
3.9465757250422286 	 -394.65757250422286
-6.594102760011902 	 659.41027600119
7.326042640354513 	 -732.604264035451
-2.3918827926487527 	 239.1882792648753
-6.0466751279736615 	 604.667512797366
-5.360545433303648 	 536.0545433303648
-7.242101816550115 	 724.2101816550114
4.5915655987425685 	 -459.1565598742569
-2.7266070441113275 	 272.6607044111328
-5.7463348567500105 	 574.6334856750011
-2.784625454456463 	 278.4625454456463
2.7353464712461286 	 -273.53464712461295
-5.622372452094488 	 562.2372452094488
-6.076215383618213 	 607.6215383618212
-3.766224271990093 	 376.6224271990092
2.786530278835336 	 -278.6530278835336
-6.189193710245746 	 nan
-7.172686503460463 	 717.2686503460463
7.5870603711867775 	 -758.7060371186778
-9.56484438446477 	 956.484438446477
-7.09875949690243 	 709.8759496902429
-6.006232282303622 	 600.6232282303622
-4.177583135303708 	 417.7583135303708
-4.108192666063331 	 410.81926660633286
6.253762995891628 	 -625.3762995891627
6.230867664098329 	 -623.0867664098329
-7.062276506980213 	 706.2276506980212
-4.5254525486283885 	 452.5452548628389
7.358449150574124 	 -735.8449150574124
-6.340310860642327 	 634.0310860642328
4.598948275698624 	 -459.8948275698624
3.1479551222411097 	 -314.7955122241109
-5.382348569303581 	 538.2348569303581
-5.213999187856434 	 521.3999187856434
-5.373443059357294 	 537.3443059357294
nan 	 456.0465174165142
-5.3028299741533855 	 530.2829974153385
-4.304653336829864 	 430.4653336829864
5.6551613871279045 	 -565.5161387127905
3.544568063950059 	 -354.4568063950058
-7.597173645831624 	 759.7173645831624
-5.763820184779549 	 576.3820184779551
6.150795177450247 	 -615.0795177450248
-6.679311578279632 	 667.9311578279634
-4.744380242756166 	 474.4380242756166
-3.5538945452869264 	 355.3894545286926
-3.5918316714929617 	 359.18316714929614
2.5934752075465464 	 -259.34752075465457
5.110619942512429 	 -511.0619942512429
-5.860945563493209 	 586.0945563493209
4.093996585318081 	 -409.3996585318081
-4.8948301398318845 	 489.48301398318847
-3.875940546449376 	 387.5940546449376
-3.83534018537776 	 383.534018537776
7.043539538636386 	 -704.3539538636386
-5.046357641653438 	 504.6357641653439
5.799387797057798 	 -579.9387797057798
6.309583995003441 	 -630.9583995003443
-4.746363366941703 	 474.6363366941703
-4.11043314295632 	 411.043314295632
-6.177868242687192 	 617.7868242687191
-5.366549521531068 	 536.6549521531068
3.1301295841229377 	 -313.01295841229376
-4.043495935387639 	 404.34959353876405
-2.8870311386325254 	 288.7031138632525
5.152133206895481 	 -515.2133206895481
6.533102078099739 	 -653.3102078099739
-5.580903141065528 	 558.0903141065529
-3.898878120780633 	 389.8878120780633
6.073251365474311 	 -607.3251365474313
5.10289542239016 	 -510.2895422390159
nan 	 -449.6449816626532
7.151654956536532 	 -715.1654956536532
-2.5625235899508594 	 256.252358995086
2.9996779989414537 	 -299.9677998941454
3.852815527844695 	 -385.2815527844695
4.468439088043113 	 -446.84390880431135
4.105673097116068 	 -410.5673097116069
-4.609821226218472 	 460.9821226218472
6.453053197765787 	 -645.3053197765785
-3.486726877526558 	 348.6726877526558
-4.748477842368417 	 474.8477842368417
-5.0996622004338485 	 509.9662200433849
3.2441243136105182 	 nan
-4.770026539839353 	 477.0026539839353
-3.441228102078441 	 344.12281020784417
-5.74846258240038 	 574.8462582400382
-3.6675351753313854 	 366.75351753313856
-7.83278013632583 	 783.278013632583
-4.472166445109234 	 447.2166445109234
-2.8114388543699014 	 281.14388543699016
4.8339828789482855 	 -483.39828789482857
4.187744698810008 	 -418.7744698810009
4.284509288631907 	 -428.4509288631906
6.346091508211623 	 -634.6091508211623
-5.296343455403557 	 529.6343455403556
-2.5430997922809166 	 254.3099792280917
-7.032140376092082 	 703.2140376092083
-4.31491068028304 	 431.491068028304
5.675401640706687 	 -567.5401640706685
4.536639796075903 	 -453.6639796075904
-7.255976408512652 	 725.5976408512654
-4.200188576086634 	 420.0188576086634
-2.3288877699150805 	 232.888776991508
4.9068196977886185 	 -490.68196977886186
7.168086356677233 	 -716.8086356677234
-4.763977496015972 	 476.3977496015971
-4.121285044359027 	 412.1285044359027
-4.573085781456805 	 457.3085781456805
-4.491672025808766 	 449.1672025808767
-6.194862924883987 	 619.4862924883987
5.48252821398608 	 -548.2528213986079
-3.4994183509197763 	 349.9418350919776
-4.007982702603816 	 400.7982702603816
-1.3572156796666093 	 135.72156796666093
-3.52651177582941 	 352.651177582941
6.386643375482197 	 -638.6643375482198
-5.074782547968611 	 507.4782547968611
4.343244673331904 	 -434.3244673331905
4.8711026753325575 	 -487.11026753325575
4.425858682590643 	 -442.5858682590645
5.618117951882484 	 -561.8117951882483
7.084452479959828 	 -708.4452479959829
5.110557161442532 	 -511.0557161442532
3.0105569934037426 	 -301.05569934037425
-1.9561265188910024 	 195.61265188910028
4.306524556906268 	 -430.6524556906269
5.744242787556063 	 -574.4242787556061
-4.866954935015149 	 486.6954935015148
-2.1726967200347795 	 217.269672003478
5.894798999086478 	 -589.4798999086478
6.234580672942151 	 -623.4580672942151
6.259625073475763 	 -625.9625073475762
7.394546373772976 	 -739.4546373772978
6.158800165145693 	 -615.8800165145694
-4.430747246823851 	 443.0747246823853
7.349979265001112 	 -734.9979265001112
4.770892308279152 	 -477.08923082791495
2.8578368233633613 	 -285.78368233633614
4.975708770589295 	 -497.5708770589295
5.0015740325068245 	 -500.1574032506823
-5.631975418638233 	 563.1975418638233
5.81774988324162 	 -581.774988324162
5.906621574402813 	 -590.6621574402811
5.870672407627732 	 -587.0672407627729
-4.929444102284993 	 492.9444102284993
-6.608011784085858 	 660.8011784085858
-6.047510420472351 	 604.7510420472353
5.202579349163169 	 -520.2579349163169
6.210986751785014 	 nan
4.671908689582693 	 -467.1908689582695
-4.087345614640177 	 408.7345614640177
3.4106718096814665 	 -341.0671809681466
6.872203073666188 	 nan
-5.851630452678715 	 585.1630452678718
-6.994334415692612 	 699.4334415692613
-4.874959645034556 	 487.4959645034557
-6.100768211219482 	 610.0768211219482
-7.6034290368019555 	 760.3429036801956
-3.742853948620572 	 374.2853948620572
-4.541422530134394 	 454.1422530134394
-6.504188538556086 	 650.4188538556086
-4.0032294979877205 	 400.322949798772
5.337511005095837 	 -533.7511005095837
5.45079490907422 	 -545.0794909074219
-5.354303867812686 	 535.4303867812687
5.995641198827987 	 -599.5641198827988
6.935505849001568 	 -693.5505849001568
6.391249720856504 	 -639.1249720856505
5.770812468429322 	 -577.0812468429323
3.086330460761192 	 -308.63304607611923
nan 	 476.37638325160174
-4.686621311511731 	 468.662131151173
6.264249286133954 	 -626.4249286133954
5.567778640709257 	 -556.7778640709257
5.469660940919434 	 -546.9660940919433
-2.7010380121697986 	 nan
4.341532577188056 	 -434.1532577188056
-7.202056186494337 	 720.2056186494337
-3.700487276855825 	 370.04872768558266
-2.062341293390876 	 206.2341293390876
4.358130991042674 	 -435.81309910426734
6.0066282890897975 	 -600.6628289089797
5.365456380694878 	 -536.5456380694878
-4.889053745872594 	 488.90537458725953
4.8764724064309535 	 -487.6472406430954
5.732050160678668 	 -573.2050160678667
-4.969096577792112 	 496.9096577792111
6.972616601399992 	 -697.2616601399992
-3.478291683172313 	 347.8291683172313
-6.7620984698251565 	 676.2098469825157
-5.326000365074969 	 532.6000365074971
7.418085100269913 	 -741.8085100269913
-5.598076464766841 	 559.8076464766841
6.27331020621663 	 -627.331020621663
3.6388647468029975 	 -363.88647468029967
6.474102422140398 	 -647.4102422140397
-4.917967362826102 	 491.7967362826101
6.100493304427763 	 -610.0493304427763
-8.055828429627391 	 805.5828429627393
-3.0054969347156177 	 300.5496934715618
-5.196336699237465 	 519.6336699237465
-5.351601892101503 	 535.1601892101503
-7.237388468376143 	 723.7388468376141
3.4309779780150715 	 -343.0977978015072
5.846479623812125 	 -584.6479623812128
-3.1032224751040527 	 310.32224751040525
3.000700123151555 	 -300.0700123151555
-4.498728586408031 	 449.8728586408032
-5.421615787269393 	 542.1615787269393
4.938838976488537 	 -493.8838976488537
-6.466169347557128 	 646.6169347557127
4.846402735627208 	 -484.6402735627207
4.393930493370409 	 -439.3930493370409
5.352110603962193 	 -535.2110603962194
-5.328517360302609 	 532.8517360302609
6.539460906987356 	 -653.9460906987357
5.688396991849937 	 -568.8396991849937
4.37762336936034 	 -437.7623369360339
-6.283662849369023 	 628.3662849369024
3.993505395801309 	 -399.3505395801308
5.661450426360376 	 -566.1450426360376
4.403387601078991 	 -440.3387601078991
5.100493123791517 	 -510.0493123791516
5.064176088748648 	 -506.41760887486487
4.914586530221478 	 -491.4586530221478
5.4601249514628565 	 -546.0124951462857
-3.421291390708165 	 342.1291390708165
5.390049144304268 	 -539.0049144304269
5.9910208261990725 	 -599.1020826199073
3.8047127165549535 	 -380.47127165549546
-7.41889373669547 	 741.889373669547
-7.175571810537432 	 717.5571810537433
-5.969110244310008 	 596.9110244310009
3.7924975752843375 	 -379.24975752843386
3.3831682561394367 	 -338.31682561394365
3.4194100797818963 	 -341.94100797818965
-6.169879337259188 	 616.9879337259185
-4.3565982719527705 	 435.6598271952771
5.185517654281847 	 -518.5517654281848
-4.476351232228682 	 447.6351232228682
-6.5436521997652815 	 654.365219976528
4.243967186718529 	 -424.39671867185285
5.022013065488439 	 -502.20130654884383
-4.929518608527991 	 492.9518608527992
7.136090850123527 	 -713.6090850123528
4.5036704691074725 	 -450.3670469107474
4.809750831276629 	 -480.9750831276629
-7.076035659240085 	 707.6035659240085
-4.1703791770678285 	 417.0379177067828
5.418154293192392 	 -541.8154293192391
-4.1596314471090565 	 415.9631447109057
-4.609915652623603 	 460.9915652623603
5.861417786640008 	 -586.1417786640006
5.624312286041292 	 -562.4312286041292
-5.843574778275622 	 584.3574778275622
5.357739651873659 	 -535.7739651873659
-5.5934067842100745 	 559.3406784210074
4.737740773693964 	 -473.7740773693964
5.378282535062679 	 -537.8282535062679
-4.638695748201254 	 463.86957482012537
3.2464948949822228 	 -324.6494894982223
2.9438117072474395 	 -294.38117072474387
5.3672527064096585 	 -536.7252706409656
3.8889055281548734 	 -388.89055281548735
-4.2353330355566925 	 423.5333035556693
6.438472830145204 	 -643.8472830145204
-5.199247701526864 	 nan
-4.6237191873523615 	 462.3719187352362
4.503591271788844 	 -450.3591271788844
-3.1005828290072053 	 310.0582829007205
-3.1123755857804087 	 311.2375585780409
-6.376831648362489 	 637.6831648362488
-4.464759435881415 	 446.4759435881416
-6.164022439992608 	 616.4022439992608
7.644022977481072 	 -764.4022977481073
-7.949029895050696 	 794.9029895050696
5.3465378687776495 	 -534.6537868777649
4.608951021577619 	 -460.8951021577618
6.3312694163561725 	 -633.1269416356172
-7.673346022076872 	 767.3346022076872
4.427719664547428 	 -442.7719664547429
-4.373811654126103 	 437.3811654126104
3.831680329985901 	 -383.1680329985901
-3.6641168075462014 	 366.4116807546203
-4.819189692646176 	 481.9189692646176
-1.993109117856388 	 199.31091178563872
-2.7074104185942027 	 270.74104185942025
-5.623227611282958 	 562.3227611282957
5.9553184022505805 	 nan
-2.3220774160951625 	 232.20774160951623
-5.133770447990878 	 513.3770447990878
-8.02726865709818 	 802.726865709818
5.876312452456295 	 -587.6312452456295
5.363484047027247 	 -536.3484047027246
-6.1929822429679735 	 619.2982242967975
-7.478422978737239 	 747.8422978737239
-3.725274870664087 	 372.5274870664087
-5.666254857216837 	 566.6254857216837
4.225831087772422 	 -422.5831087772421
-4.595051335386418 	 459.5051335386418
4.7122232346950845 	 -471.2223234695085
4.939296358872365 	 -493.9296358872365
-4.1346484793288365 	 413.4648479328836
3.943481480153058 	 -394.3481480153058
-4.177087014753445 	 417.70870147534447
-4.511980697441866 	 451.1980697441866
-5.775835447433941 	 577.5835447433941
5.571594702107222 	 -557.1594702107225
-5.312910220763513 	 531.2910220763513
3.01392633993532 	 -301.39263399353194
5.1821542595757375 	 -518.2154259575734
2.112976798838292 	 -211.29767988382912
3.662609080925873 	 -366.2609080925873
5.964312900051709 	 -596.4312900051709
6.824910725812964 	 -682.4910725812964
-5.43492617801638 	 543.4926178016381
-5.920516576954782 	 592.0516576954783
5.650968744639598 	 -565.0968744639599
4.874139273605662 	 -487.41392736056616
4.904680078747834 	 -490.4680078747834
-7.313167761199367 	 731.3167761199367
nan 	 -507.40120129900606
-5.461653869312436 	 546.1653869312436
-5.4361001394816615 	 543.6100139481662
-5.130564109563366 	 513.0564109563365
4.5723739410251465 	 -457.23739410251466
-4.208301627989681 	 420.8301627989681
-6.449989004295769 	 644.9989004295769
2.5815392917186344 	 -258.1539291718634
4.675737266095988 	 -467.5737266095989
4.481400887223082 	 -448.1400887223084
5.202551665546394 	 -520.2551665546392
-6.028189768682059 	 602.8189768682057
5.970914619535395 	 -597.0914619535395
4.171082840927246 	 -417.1082840927246
4.293555640036315 	 -429.3555640036315
-4.844230918796368 	 484.4230918796368
2.2615426140864483 	 -226.15426140864483
-5.5185626822740375 	 551.8562682274037
-2.837509177245072 	 283.7509177245072
4.333871190085802 	 -433.38711900858
6.340851700139336 	 -634.0851700139335
-6.6239679524800055 	 662.3967952480007
6.772240840280475 	 -677.2240840280474
-4.914335166660743 	 nan
3.750274439417644 	 -375.0274439417644
5.710936490003999 	 -571.0936490004002
7.27304001250182 	 -727.3040012501822
5.033246777179851 	 -503.32467771798514
4.162645772295621 	 -416.26457722956206
4.49722584111263 	 -449.72258411126296
-9.403980794108538 	 940.3980794108536
-4.7980991723920585 	 479.809917239206
4.554085671684826 	 -455.4085671684825
2.0387908692006267 	 -203.87908692006263
-5.406092461908936 	 540.6092461908936
5.030098423688188 	 -503.0098423688189
-6.048741221008115 	 604.8741221008115
4.8324315054789295 	 -483.2431505478928
6.717065575436743 	 -671.7065575436742
3.974496964094216 	 -397.4496964094215
-6.042752742784119 	 604.2752742784119
2.5510994679052463 	 -255.10994679052465
5.848584245605768 	 -584.8584245605769
-3.876129886098165 	 387.6129886098165
-5.586261765243311 	 558.6261765243312
-4.5966569587242425 	 459.66569587242407
-3.143322468894 	 314.3322468894
3.281408595558588 	 -328.14085955585875
6.576824955699768 	 -657.6824955699767
-4.810437937890952 	 481.0437937890952
-3.555438066149232 	 355.5438066149232
-6.509713891202111 	 650.9713891202111
5.874509735947021 	 -587.4509735947022
-8.674625355673273 	 nan
-5.4725806305299525 	 547.2580630529951
-3.4198999393092904 	 341.989993930929
-4.182281969890057 	 418.22819698900565
6.547338249059822 	 -654.7338249059824
-5.38568854190654 	 538.5688541906542
-2.489965282526496 	 248.99652825264965
2.4835312589210443 	 -248.3531258921045
nan 	 -596.991908067804
5.430978041209425 	 -543.0978041209423
-1.713773473386616 	 171.3773473386616
6.541054431919986 	 -654.1054431919986
4.269946378009977 	 -426.99463780099785
5.626994419720943 	 -562.6994419720943
7.148515292654915 	 -714.8515292654915
3.6509316135436176 	 -365.0931613543617
-5.095179108751601 	 509.5179108751602
-4.1538815982234905 	 415.38815982234894
5.991986601107228 	 -599.1986601107227
-5.365904745109272 	 536.5904745109269
-7.174439615322798 	 717.4439615322798
-5.417127717570434 	 541.7127717570434
-4.0540048604399965 	 405.4004860439995
nan 	 -635.8663585932499
-3.21503919953246 	 321.503919953246
-6.850998736881905 	 685.0998736881908
-6.2658064247831895 	 626.580642478319
5.412387336747651 	 -541.2387336747651
6.154925989655231 	 -615.4925989655231
-4.660373605352128 	 466.0373605352128
5.359308386870798 	 -535.9308386870798
-7.2578954667380575 	 725.7895466738057
-5.801037470963602 	 580.1037470963604
-7.96046585728554 	 796.046585728554
6.520340060149432 	 -652.0340060149432
5.33521184255004 	 -533.5211842550038
-5.694363120072652 	 569.4363120072652
-4.2308893939766845 	 423.0889393976685
7.599392980254501 	 -759.9392980254503
-6.414519459519527 	 641.4519459519528
5.03635952342067 	 -503.6359523420671
-5.700928676491934 	 570.0928676491933
-7.312386544645021 	 731.2386544645018
5.301919597909219 	 -530.1919597909218
4.707085444529347 	 -470.7085444529346
4.15854202042294 	 -415.85420204229393
5.593899488889372 	 -559.3899488889372
5.248854847904124 	 -524.8854847904123
-6.492425761270993 	 649.2425761270991
-4.05631850118443 	 405.63185011844286
4.72845686993026 	 -472.845686993026
-2.308769673873851 	 230.8769673873851
4.413549084939649 	 -441.3549084939648
3.0454625694556072 	 -304.54625694556074
3.767753546276325 	 -376.7753546276326
-4.266222358756738 	 426.6222358756738
-3.5090127874706285 	 350.9012787470629
nan 	 274.18230967143074
5.51806785763053 	 -551.8067857630531
-5.219798254181279 	 521.9798254181278
-1.6041647659977565 	 160.41647659977562
4.831839463232777 	 -483.18394632327767
4.357674815570982 	 -435.76748155709817
-6.276726416763871 	 627.6726416763871
4.7320811713248805 	 -473.208117132488
-6.6794972485139406 	 667.9497248513941
-6.0011880123126815 	 600.1188012312682
3.2683000836702183 	 -326.83000836702183
-4.374627197699243 	 437.4627197699243
-6.166990988360987 	 616.6990988360988
7.397313286883831 	 -739.7313286883832
4.907993912439808 	 -490.7993912439808
-5.800378575668954 	 580.0378575668954
-3.041198227782408 	 304.1198227782408
5.447476475353191 	 -544.7476475353192
-6.544598112341032 	 654.4598112341032
-7.0207046011238825 	 702.0704601123883
-5.5790673350176325 	 557.9067335017634
-3.497183382958116 	 349.71833829581163
4.8052978322181685 	 -480.5297832218168
6.6666692902905815 	 -666.6669290290581
-5.9451380280443225 	 594.513802804432
6.836687292451048 	 -683.6687292451047
-3.092149029391736 	 309.2149029391736
4.506588274903798 	 -450.65882749038
-3.892760604012993 	 389.2760604012993
-4.159565048141418 	 415.95650481414185
4.9297828740218215 	 -492.97828740218216
4.537136880391944 	 -453.7136880391944
-3.693908808246669 	 369.3908808246669
-6.190467596596353 	 619.0467596596352
6.3617830637296615 	 -636.1783063729662
7.775890782816527 	 -777.5890782816526
-5.127454759105482 	 512.7454759105481
-6.415529712655081 	 641.5529712655081
2.817374351918404 	 -281.73743519184035
6.250896209948447 	 -625.0896209948447
-2.307490478378832 	 230.74904783788315
4.9601875242346445 	 -496.0187524234644
-5.093764619308168 	 509.37646193081673
nan 	 -513.7807453160034
-4.830103552588816 	 nan
-6.14938330685799 	 614.938330685799
-6.653382893754225 	 665.3382893754225
-4.370361607202487 	 437.03616072024863
-4.368221539977462 	 436.8221539977462
-4.46190246734458 	 446.190246734458
-4.769140101850921 	 476.91401018509214
-5.918458916003242 	 591.8458916003242
7.633174396998374 	 -763.3174396998375
-2.6184438377337766 	 261.84438377337773
-5.786001156516567 	 578.6001156516568
5.453867146139533 	 -545.3867146139534
-7.214147456899577 	 721.4147456899577
-4.395558389909661 	 439.5558389909662
-3.0335214532021526 	 303.35214532021524
-6.762704081660631 	 676.2704081660631
-7.495017874186928 	 749.5017874186927
5.845715063046392 	 -584.5715063046395
-6.645429381577908 	 664.5429381577908
4.346188165246066 	 -434.6188165246065
-5.738487832092242 	 573.8487832092243
-5.638710597726579 	 563.8710597726579
-4.363618963917137 	 436.36189639171374
-6.4983641908501575 	 649.8364190850157
-4.8590935158339335 	 485.9093515833935
-8.082609546323889 	 808.260954632389
-2.321203750571636 	 232.1203750571636
2.7691292558508884 	 -276.91292558508883
5.687734657603258 	 -568.7734657603257
5.342124516494309 	 -534.2124516494308
-5.2044448631079785 	 520.4444863107979
-6.4908610272058045 	 649.0861027205805
6.288988150472605 	 -628.8988150472605
-6.84750326211266 	 684.750326211266
-4.204479124974638 	 420.4479124974639
4.9471588779467774 	 -494.71588779467766
3.0865467731571647 	 -308.6546773157165
-2.8819256072532164 	 288.19256072532164
2.251909877527224 	 -225.19098775272232
2.200793962056789 	 -220.0793962056789
-5.574450761518833 	 557.4450761518831
4.753346587224768 	 -475.3346587224769
3.830333987947785 	 -383.0333987947785
-2.8364811844149576 	 283.64811844149574
6.098777368236692 	 -609.877736823669
6.173040592011003 	 -617.3040592011004
6.068929836731268 	 -606.8929836731268
-4.71620538618401 	 471.6205386184009
3.60073407732599 	 nan
-4.988167141972831 	 498.8167141972831
3.4464086782736163 	 -344.6408678273616
4.702414454327244 	 -470.24144543272456
nan 	 93.57414148230596
-2.7207163583393865 	 272.07163583393867
-7.361978186799657 	 736.1978186799658
-4.670997862417575 	 467.09978624175767
3.5694837100374794 	 -356.94837100374787
3.521579363699017 	 -352.15793636990173
7.100218327918265 	 -710.0218327918265
4.805637776709122 	 -480.56377767091215
4.847552879136977 	 -484.75528791369766
-3.5633510466269307 	 356.3351046626931
-6.242210550121306 	 624.2210550121307
2.7341726024754447 	 -273.4172602475445
-6.59533766696911 	 659.533766696911
6.36439919731508 	 -636.4399197315081
-3.9187173423851815 	 391.87173423851823
5.042124224549641 	 -504.2124224549642
-6.649355230455017 	 664.9355230455018
-3.84548779603426 	 384.548779603426
-5.368507424999991 	 536.8507424999991
7.65110948835417 	 -765.1109488354172
-6.440927689107577 	 644.0927689107575
-4.048195622595045 	 404.8195622595045
7.924373384428418 	 -792.4373384428418
-5.304355747352622 	 530.4355747352622
nan 	 -329.69312265881064
5.306238491376857 	 -530.6238491376856
4.189065527051215 	 -418.9065527051216
-7.4360885616886065 	 743.6088561688605
4.0159228564070295 	 -401.59228564070304
-4.348512155228391 	 434.8512155228392
4.302385238605564 	 -430.2385238605564
-1.3914627925766352 	 139.1462792576635
6.451900785475869 	 -645.190078547587
-3.379486389121504 	 337.9486389121504
4.003891102529424 	 -400.3891102529424
-5.1678855929372425 	 516.7885592937241
4.329999004001931 	 -432.9999004001932
7.239433025232513 	 -723.9433025232512
5.619179993188214 	 -561.9179993188217
-5.102005413392379 	 510.2005413392379
4.133502933505077 	 -413.3502933505077
5.287860451316742 	 -528.7860451316742
-6.268601054915584 	 626.8601054915582
-5.817794145092156 	 581.7794145092156
3.1704031631617657 	 -317.04031631617664
5.307150491578857 	 -530.7150491578855
-4.205476427161095 	 420.5476427161095
5.305989462753648 	 -530.5989462753648
2.8722039647906112 	 -287.2203964790612
-8.140571752452292 	 814.0571752452291
-5.766805553492046 	 nan
4.446733269869792 	 -444.67332698697913
4.191724330104424 	 -419.1724330104423
6.4312563289525215 	 -643.125632895252
4.426317955414636 	 -442.6317955414637
-3.033479292344931 	 303.3479292344932
-5.108382414654318 	 510.8382414654319
5.898816131606798 	 -589.8816131606796
5.006484130269442 	 -500.64841302694407
-1.5010579655246654 	 150.10579655246653
3.6356933141537526 	 -363.5693314153752
3.734077469995861 	 -373.4077469995862
-3.7970034372979886 	 379.7003437297988
6.022249174542472 	 -602.2249174542471
4.948433338578995 	 -494.8433338578994
-4.383998923331457 	 438.39989233314566
-7.396116097643121 	 739.6116097643121
4.489114745097932 	 -448.9114745097932
0.8443963221329351 	 -84.43963221329352
-3.279125956758828 	 327.9125956758828
nan 	 640.8140111420224
-8.491318777579103 	 849.1318777579103
-7.146590801155022 	 714.6590801155023
nan 	 -683.9674067821406
-5.782199945019175 	 578.2199945019175
4.959786635806921 	 -495.9786635806921
-4.622829705723187 	 462.28297057231873
-5.011177801839036 	 501.1177801839037
4.071264155437864 	 -407.1264155437864
6.698261435357049 	 -669.8261435357049
6.452992402349008 	 -645.2992402349007
-4.023482438414609 	 402.3482438414609
-4.1892764742372455 	 418.9276474237245
4.3451728313236 	 -434.51728313236
1.855585457632492 	 -185.5585457632492
3.930937331890792 	 -393.0937331890792
5.633530990286842 	 -563.3530990286843
-4.5712979596402015 	 457.12979596402
-5.416613426855222 	 541.6613426855222
-6.787937510426831 	 678.7937510426831
-3.2386103435977067 	 323.8610343597706
-4.825169755971307 	 482.5169755971307
-4.668437114650925 	 466.8437114650925
-1.5420995443727046 	 154.20995443727043
5.346718399481709 	 -534.6718399481708
nan 	 508.23984234951934
-3.8753964188950265 	 387.53964188950266
-3.676909519996074 	 367.69095199960736
-3.2690697192445626 	 326.90697192445623
-5.935656830975912 	 593.5656830975912
4.033591937997448 	 -403.3591937997449
4.267209315043568 	 -426.72093150435694
-5.296204099637094 	 529.6204099637093
-3.5444887769135027 	 354.4488776913504
4.448022269611946 	 -444.8022269611946
-3.7251385147994687 	 372.5138514799468
3.407891550938208 	 -340.78915509382074
4.984793206354821 	 -498.4793206354821
4.561696238476858 	 -456.1696238476858
-5.66264189566043 	 566.264189566043
-2.7714613640744314 	 277.1461364074432
-6.7054753579215065 	 670.5475357921506
2.6411852483818605 	 -264.11852483818603
-5.74484673669768 	 574.484673669768
-6.445315716452388 	 644.5315716452387
5.431222275240017 	 -543.1222275240016
-5.1867397798923625 	 518.6739779892363
-7.1312866341684975 	 713.1286634168498
-7.040250829399617 	 704.0250829399617
-2.6814595883873347 	 268.14595883873346
-5.243927519144191 	 524.3927519144191
-6.393664378042601 	 639.3664378042603
4.209824043878915 	 -420.98240438789145
3.585138932914828 	 -358.5138932914829
-3.5133307302796486 	 351.3330730279649
3.797072491112845 	 -379.7072491112845
5.3688350760396375 	 -536.8835076039637
5.798305254047121 	 -579.8305254047121
-6.953515036730018 	 695.3515036730017
-5.347103880700055 	 534.7103880700055
6.2645468060058285 	 -626.4546806005827
-6.458426996223018 	 645.842699622302
4.819858271349268 	 -481.9858271349269
-4.991175246539092 	 499.11752465390913
4.564516309028664 	 -456.4516309028664
-6.8317413404411305 	 683.1741340441129
-5.84815363588172 	 584.815363588172
nan 	 -545.0052968472365
-5.194139193062412 	 519.4139193062413
-5.791033041013576 	 579.1033041013576
4.009503807418495 	 -400.95038074184953
4.4704769052119095 	 -447.0476905211908
2.9242622066468336 	 -292.4262206646833
5.070603238532912 	 -507.0603238532912
-5.932236718619295 	 593.2236718619296
-4.728899828829679 	 472.8899828829679
2.9648479898979843 	 -296.48479898979843
-5.985374229988516 	 nan
3.428812704834451 	 -342.8812704834451
3.531003409259053 	 -353.10034092590536
nan 	 692.496135226776
-4.957888766407331 	 495.7888766407331
-6.551134913964791 	 655.1134913964793
3.71412954146637 	 -371.4129541466371
6.572820158846294 	 -657.2820158846292
3.6512606416489177 	 nan
5.4039570048959575 	 nan
-5.854283951214117 	 585.4283951214118
-4.296151831826983 	 429.6151831826984
-3.0046553941666927 	 300.4655394166693
7.085235848711591 	 -708.5235848711591
-6.0782245659413885 	 607.822456594139
6.478123903474928 	 -647.8123903474927
-7.912177059609318 	 791.2177059609317
-4.708642565485409 	 470.8642565485409
5.10805525914596 	 -510.8055259145961
-5.550063396912079 	 555.0063396912079
nan 	 613.1339546060368
5.134299866657241 	 -513.4299866657241
-3.4033071870602125 	 340.33071870602123
4.863374893030374 	 -486.3374893030373
5.788621248258313 	 -578.8621248258312
-6.18230567800921 	 618.230567800921
-4.240642844908741 	 424.0642844908741
5.224316231823164 	 nan
-3.5817592921243864 	 358.17592921243863
-6.155022385073526 	 615.5022385073526
-5.607452268146193 	 560.7452268146194
4.909448550581882 	 -490.9448550581882
3.780098103149662 	 -378.0098103149662
-4.961828615285049 	 496.1828615285049
-8.70072235467422 	 870.0722354674217
-5.644628655698991 	 564.4628655698991
6.014712007068543 	 -601.4712007068542
3.8571637667004297 	 -385.71637667004296
4.425673974058113 	 -442.5673974058114
-1.5612316467691514 	 156.12316467691514
3.3054707174168856 	 -330.54707174168857
-6.2268774281134975 	 622.6877428113496
4.031642148575699 	 -403.1642148575699
-2.933015721191941 	 293.30157211919413
-7.051487171535188 	 705.148717153519
-5.760483224606388 	 576.0483224606387
5.640911561385031 	 -564.091156138503
5.748220611218289 	 -574.8220611218287
-4.034436926500064 	 403.4436926500064
3.279847852050442 	 -327.98478520504415
-3.762171881720822 	 376.2171881720822
5.177638733386278 	 -517.7638733386278
-6.269093575014413 	 626.9093575014413
3.3992417400388133 	 -339.9241740038813
4.130855406925319 	 -413.0855406925319
-4.560908836795645 	 456.0908836795645
2.9067113444467907 	 -290.6711344446791
3.631206036735479 	 -363.120603673548
-2.7606501116153286 	 276.0650111615329
-4.631554699070179 	 463.1554699070179
3.79459493003308 	 -379.459493003308
5.646130019311284 	 -564.6130019311282
-4.113732498977279 	 nan
4.0645527420583445 	 -406.4552742058344
3.323317698681793 	 -332.3317698681793
4.93546880336963 	 -493.5468803369629
-6.478519548696518 	 647.8519548696518
-4.155403095812308 	 415.5403095812309
-4.538838199446562 	 453.88381994465607
3.2360210367398854 	 -323.6021036739885
-5.235885462559287 	 523.5885462559287
-4.411676579131199 	 441.1676579131198
-2.2506455284497338 	 225.06455284497335
6.359008718585748 	 -635.9008718585746
4.7272011986569815 	 -472.7201198656981
5.5372109962665625 	 -553.7210996266564
2.3652566790228584 	 -236.52566790228585
3.544968559744828 	 -354.49685597448274
-6.461651176276484 	 646.1651176276484
2.9815694698453528 	 -298.1569469845353
-4.148577755386176 	 414.8577755386176
-3.7170770262721313 	 371.7077026272131
4.804605365494507 	 -480.4605365494508
-4.583785442598664 	 458.3785442598664
2.8272923262613867 	 -282.7292326261387
5.878473196472131 	 -587.8473196472131
6.5934210760303 	 -659.3421076030301
4.2912392878842684 	 -429.1239287884269
4.868851719742024 	 -486.8851719742024
-4.701188708901916 	 470.11887089019166
-4.389870201120727 	 438.9870201120729
-6.256640113961265 	 625.6640113961265
nan 	 788.1177051514914
6.658985930022397 	 -665.8985930022399
-5.316531496554294 	 531.6531496554294
-0.2586766088304921 	 25.86766088304921
3.7451619093591777 	 -374.5161909359178
-4.8942176707466745 	 489.4217670746675
4.3288257270577954 	 -432.8825727057795
-4.033618705385717 	 403.3618705385717
4.435388175534152 	 -443.5388175534152
nan 	 502.58105146878233
-2.5456791466894533 	 254.5679146689453
6.375688086461299 	 -637.5688086461298
4.82003331606366 	 -482.003331606366
2.5382551522979715 	 -253.8255152297972
-6.0921822932330665 	 609.2182293233068
-5.6529330020351125 	 565.2933002035113
-5.85303994500387 	 585.3039945003869
-8.130632878604107 	 813.0632878604108
-5.3097224346608165 	 530.9722434660815
5.441533439538051 	 -544.1533439538051
6.9661567669437 	 nan
3.609760665490489 	 -360.9760665490488
4.5920846384401655 	 -459.2084638440165
5.1419222465770975 	 -514.19222465771
-4.306989354387381 	 430.69893543873815
-6.313905367872327 	 631.3905367872325
-3.30670397762516 	 330.670397762516
-6.1217099368453445 	 612.1709936845342
4.763403381022051 	 -476.34033810220507
3.5544012043450106 	 -355.440120434501
5.500742802067821 	 -550.0742802067822
6.916180587401633 	 -691.6180587401633
4.565004338061232 	 -456.5004338061231
-3.6548795862369294 	 365.48795862369286
-3.529623851395621 	 352.96238513956223
-5.988841399569666 	 598.8841399569666
-4.450191709607768 	 445.019170960777
5.711556568409499 	 -571.1556568409499
-7.569532349827651 	 756.953234982765
-5.6001957058047696 	 560.019570580477
0.0988310249634647 	 -9.883102496346474
-1.8396007132741112 	 183.9600713274112
-7.048024064238478 	 704.802406423848
nan 	 304.09139559203675
-4.4519958666262935 	 445.1995866626294
4.242223399204542 	 -424.2223399204543
-6.8227291714452845 	 682.2729171445285
5.830867539868962 	 -583.0867539868963
-7.127582550333679 	 712.7582550333681
4.514602984736522 	 -451.4602984736522
-2.5893416144228647 	 258.9341614422865
-5.300272325634033 	 530.0272325634033
-4.847857469475904 	 484.7857469475904
5.649746891830838 	 -564.9746891830837
-4.986249607930804 	 498.6249607930805
6.080960751168496 	 -608.0960751168496
-6.069486838690523 	 606.9486838690523
5.850417818820745 	 -585.0417818820745
4.124163307060315 	 -412.4163307060315
3.5167191447619293 	 -351.6719144761928
4.0497960787717 	 -404.97960787717005
6.3455305582978525 	 -634.5530558297852
-3.999283734047175 	 399.9283734047175
5.867370429925737 	 -586.7370429925737
2.7469439077715374 	 -274.6943907771537
5.601849632253604 	 -560.1849632253604
-3.738515940522303 	 373.8515940522303
-5.032115159399386 	 503.2115159399386
-2.0994129179179835 	 209.9412917917984
-3.0749307238036163 	 307.49307238036164
3.4174736017653102 	 -341.747360176531
-5.282431617581877 	 528.2431617581877
5.091709651671317 	 -509.17096516713167
5.63235104228475 	 -563.2351042284749
-3.1681384089828213 	 316.81384089828214
7.263682913470553 	 -726.3682913470552
-4.399703477346477 	 439.9703477346477
-8.608581858275784 	 860.8581858275784
-3.781252650649164 	 378.1252650649164
-5.696420083188548 	 569.6420083188548
-6.863663232368142 	 686.3663232368143
-5.604051820817298 	 560.4051820817298
4.731533362661947 	 -473.15333626619474
5.088245939218469 	 -508.8245939218468
-5.365960633097072 	 536.5960633097072
-5.259095401342299 	 525.9095401342299
-2.154958686986276 	 215.4958686986276
-5.576328864169621 	 557.6328864169622
-1.060725568513047 	 106.0725568513047
5.402915427922722 	 -540.2915427922724
-4.090442859804413 	 409.0442859804414
4.2892476596546825 	 -428.9247659654682
5.071381517107874 	 -507.13815171078767
-6.783556722045258 	 678.3556722045257
-6.283662708564927 	 628.3662708564927
-6.1048208254511565 	 610.4820825451156
-6.952269816030848 	 695.2269816030847
6.7007019052766825 	 -670.0701905276684
-4.779942122124866 	 477.99421221248673
7.999813302797898 	 -799.9813302797894
4.095597030224996 	 nan
4.736824122272486 	 -473.68241222724856
-2.550715023645848 	 255.0715023645848
6.3869596898903 	 -638.69596898903
-3.318703716088346 	 331.8703716088346
4.832809254811608 	 -483.28092548116086
4.261930940699002 	 -426.1930940699002
-5.66036799519366 	 566.036799519366
4.379113389902177 	 -437.9113389902176
5.590426465270021 	 -559.042646527002
-5.003989180551762 	 nan
5.7026790362626505 	 -570.2679036262649
-4.4945727609611525 	 449.4572760961152
-2.9939939335776584 	 299.3993933577658
5.313862628861153 	 -531.3862628861152
4.042177098297596 	 -404.21770982975966
2.659291213815905 	 -265.92912138159056
4.28144496510646 	 -428.1444965106461
7.444486600071462 	 -744.4486600071463
-7.357118288303013 	 735.7118288303012
5.575097369171802 	 -557.5097369171801
-6.860624584610159 	 686.0624584610158
-4.0766756719858375 	 407.66756719858375
-10.16211940387396 	 1016.211940387396
6.0855283205541815 	 -608.5528320554181
-7.640716391257437 	 764.0716391257437
5.937845694551064 	 -593.7845694551064
-4.585867003381243 	 458.58670033812433
-3.244681366050876 	 324.46813660508764
2.0735790317713394 	 -207.357903177134
-8.066085169181891 	 806.6085169181891
-2.6391366949861146 	 263.91366949861145
6.111297505081168 	 -611.1297505081168
2.601274282017977 	 -260.12742820179767
-6.081216398776082 	 608.1216398776082
-6.660165326230455 	 666.0165326230457
5.211448874005028 	 nan
nan 	 -600.9879735693223
-5.16950019267246 	 516.9500192672461
5.020857484394567 	 -502.08574843945655
-5.365354305951548 	 536.5354305951547
-6.7256976652335725 	 672.569766523357
-6.532428459508344 	 653.2428459508343
5.955226382710404 	 -595.5226382710404
3.552704756048048 	 -355.27047560480474
-4.158651693062767 	 415.8651693062767
3.966592515539949 	 -396.6592515539949
-4.816470748200006 	 nan
7.906285203897071 	 -790.6285203897072
4.8696487075488495 	 -486.96487075488494
nan 	 310.80689344100074
-5.402789786090717 	 540.2789786090716
5.782004812701698 	 -578.2004812701698
4.405345756068772 	 -440.534575606877
4.644981085489781 	 -464.4981085489781
-6.0508040279678665 	 605.0804027967865
-3.4935258888996605 	 349.35258888996606
3.741407320911749 	 -374.14073209117487
6.115757920957723 	 -611.5757920957723
5.429444233360269 	 -542.9444233360268
-0.9352254735484192 	 93.52254735484192
6.444893686738838 	 -644.4893686738837
-6.855392954297567 	 685.5392954297567
-5.853417745039407 	 585.3417745039408
-2.822684577935432 	 282.2684577935431
-5.036260827570316 	 503.6260827570315
5.791969494135323 	 -579.1969494135321
4.861910863649143 	 -486.1910863649143
4.785277170337509 	 -478.527717033751
-4.385422217722153 	 438.5422217722153
-5.688842774251845 	 568.8842774251845
-3.6429241156271774 	 nan
5.4010105641209325 	 -540.1010564120933
-3.9290832470277177 	 392.90832470277184
-4.157597732949962 	 415.7597732949962
-5.644638565591444 	 564.4638565591445
-4.6086969545390986 	 460.86969545390986
5.998517570095007 	 -599.8517570095007
4.844397775628591 	 -484.4397775628592
4.442678757373502 	 -444.26787573735015
-6.8029464272049065 	 680.2946427204909
6.238295682387951 	 -623.8295682387949
-3.074820103550951 	 307.4820103550952
4.912030083816767 	 -491.2030083816768
nan 	 -550.5204913946134
-2.4008239229860497 	 240.08239229860507
5.549535242514063 	 -554.9535242514063
-2.877481474859326 	 287.74814748593263
-4.520800971518198 	 452.08009715181976
4.867742855167483 	 -486.7742855167484
-4.57955818089167 	 457.955818089167
-5.838744938335178 	 583.8744938335178
-6.972342678559801 	 697.23426785598
6.543254731552158 	 -654.3254731552157
6.0938083031595065 	 -609.3808303159508
3.93671071545265 	 -393.67107154526497
4.922190167973793 	 -492.21901679737925
-5.539241931588101 	 553.9241931588101
5.7378766651828 	 -573.7876665182803
-5.583941493540458 	 558.3941493540457
-5.893931005427199 	 589.3931005427199
4.897690446614043 	 -489.7690446614045
-5.900487495984538 	 590.0487495984537
-5.3861077377016695 	 538.6107737701668
-3.0338647547953013 	 303.38647547953013
-5.569376533269576 	 556.9376533269576
6.107750352782874 	 -610.7750352782873
-2.616447314070159 	 261.6447314070159
-4.61318639513246 	 461.318639513246
4.344341353550455 	 -434.4341353550455
-1.4953328301056583 	 149.53328301056587
-2.4055918719267213 	 240.55918719267208
nan 	 -487.7676402707261
2.542453512822107 	 -254.24535128221072
2.079945104432392 	 -207.9945104432392
7.250401162100386 	 -725.0401162100386
-5.414031926556129 	 541.403192655613
6.650711894621867 	 -665.0711894621867
-4.404998004367728 	 440.49980043677294
3.476796403526473 	 -347.6796403526473
-3.492462885065484 	 349.2462885065484
-4.3383344435775415 	 433.8334443577542
-5.586435977051504 	 558.6435977051506
-4.6112300639152615 	 461.123006391526
-5.284489228673845 	 528.4489228673845
4.997775908933008 	 -499.7775908933008
5.869561577377461 	 -586.9561577377461
-6.084744156807702 	 608.47441568077
-4.214824569975844 	 421.4824569975845
-4.61701848434164 	 461.7018484341641
7.580691344062568 	 -758.0691344062569
-6.19747765696056 	 619.747765696056
-1.1091990967978558 	 110.91990967978558
-5.901220321526537 	 590.1220321526538
4.897242166202939 	 -489.7242166202939
3.446393217658047 	 -344.6393217658046
-4.84494894655952 	 484.494894655952
5.219884720405187 	 -521.9884720405187
-5.584577036988188 	 558.4577036988188
-4.6151541064859725 	 461.5154106485973
-3.9836304625430223 	 398.3630462543022
3.458208991568938 	 -345.82089915689386
2.2423019478227864 	 -224.23019478227863
5.032583389777193 	 -503.25833897771935
5.291519322118301 	 -529.1519322118302
4.621665574941748 	 -462.1665574941748
5.193034035776165 	 -519.3034035776167
-5.725181101531831 	 572.5181101531831
-4.735212948888993 	 473.5212948888993
4.93713623079532 	 -493.713623079532
-5.722247667045612 	 572.2247667045611
-2.45172405788302 	 245.17240578830203
5.6956970180839965 	 -569.5697018083997
-8.734851393196546 	 873.4851393196546
5.370746904691337 	 -537.0746904691339
5.110553302575825 	 -511.05533025758245
-5.3683121947606525 	 536.8312194760651
-5.508467411487612 	 550.8467411487611
-7.065193013025999 	 706.5193013025998
7.395106986941949 	 -739.5106986941948
-6.546957613009727 	 654.6957613009729
-5.336033839410764 	 533.6033839410762
4.294927098161693 	 -429.4927098161695
-5.491953159834954 	 549.1953159834953
6.2998426136167325 	 -629.9842613616732
4.099188076758988 	 -409.9188076758989
-4.694006611113966 	 469.40066111139663
4.639539717676548 	 -463.95397176765465
-6.747687688246767 	 674.7687688246767
-4.076562643812708 	 407.6562643812708
4.8022671869686855 	 -480.2267186968686
-4.588530920543642 	 458.85309205436414
4.5046274531991015 	 -450.46274531991
3.387817565777416 	 -338.78175657774165
-4.276058957057576 	 427.6058957057576
-4.634017110621609 	 463.4017110621608
-1.0242823027215802 	 102.42823027215802
3.303986148206535 	 -330.3986148206535
4.4056426124528 	 -440.56426124528
7.290208228475474 	 -729.0208228475475
6.229243083460776 	 -622.9243083460779
7.900267716435485 	 -790.0267716435484
-4.797794279043548 	 479.7794279043548
5.434545524060692 	 nan
-5.047612248583548 	 504.76122485835486
-4.236320345729898 	 423.6320345729898
6.841079066619287 	 -684.1079066619286
3.829767219728754 	 -382.97672197287534
5.691924117691048 	 -569.1924117691048
-7.698166138044018 	 769.8166138044015
-5.04049457080666 	 504.04945708066566
-4.377019886842167 	 437.7019886842166
-3.7046647747722328 	 370.4664774772233
-3.132580088851725 	 313.25800888517244
-3.716123408183624 	 371.6123408183623
-7.091647906987747 	 709.1647906987747
4.812864249417422 	 -481.28642494174215
4.6886995375878575 	 -468.86995375878575
5.4631909616052114 	 -546.3190961605211
7.23742628230274 	 -723.742628230274
-7.551774980481253 	 755.1774980481251
-5.508040818532879 	 550.8040818532879
-5.558241173915566 	 555.8241173915566
6.5036069754740895 	 -650.3606975474088
4.816195555595737 	 -481.61955555957366
-4.012453774023734 	 401.2453774023734
-4.624022269683621 	 462.4022269683621
7.038327521514912 	 -703.8327521514909
-3.962759025883493 	 396.27590258834925
-5.711661684198463 	 571.1661684198461
6.455152046244247 	 -645.5152046244248
-4.598252877488154 	 459.8252877488153
-3.1499463363798283 	 314.9946336379829
6.09936401995493 	 -609.9364019954928
-5.020929179653571 	 502.09291796535706
5.261843246193925 	 -526.1843246193924
5.423094676411536 	 -542.3094676411533
4.440201812691071 	 -444.0201812691071
-2.5285657496046383 	 nan
-5.043707151659639 	 504.370715165964
8.179170270616241 	 -817.9170270616241
6.5388001080457725 	 -653.8800108045773
-6.308518451019966 	 630.8518451019966
4.448788924628519 	 -444.878892462852
4.678284282505241 	 -467.8284282505242
4.6610344361771165 	 -466.1034436177117
4.355323935620955 	 -435.5323935620955
3.1306937744950014 	 -313.0693774495002
-4.353660560603216 	 435.3660560603217
3.3847374367247367 	 -338.4737436724737
-6.153795604912901 	 615.37956049129
-7.238168385814072 	 723.8168385814073
6.043609362411065 	 -604.3609362411065
6.375685775933299 	 -637.5685775933299
3.7684721559847705 	 -376.847215598477
-6.028701385024457 	 602.8701385024458
5.670845227149679 	 -567.0845227149679
-4.3656513364613065 	 436.5651336461307
-3.2497334254764407 	 324.9733425476441
7.318349522986942 	 -731.8349522986944
3.6412044146532767 	 -364.1204414653277
3.8440569111997407 	 -384.4056911199741
6.266233089172998 	 -626.6233089172997
-4.193601829550692 	 419.3601829550692
2.4322348478223925 	 -243.22348478223927
-4.625982106815023 	 462.5982106815024
6.5674058581470405 	 -656.7405858147039
7.634072565595035 	 -763.4072565595036
5.757891596366434 	 -575.7891596366435
3.4798286090766912 	 -347.9828609076692
-4.7234653739386765 	 472.3465373938677
4.852497356812012 	 -485.2497356812014
-5.117493115526738 	 511.7493115526738
4.92510311352359 	 -492.5103113523589
-7.082022058471166 	 708.2022058471167
5.695133800286071 	 -569.5133800286071
5.077157460880133 	 -507.7157460880133
-3.7692072175897207 	 376.920721758972
4.26175401183151 	 -426.175401183151
-5.999016118712598 	 599.90161187126
-3.5428008607856727 	 354.28008607856725
-3.6753117366907326 	 367.53117366907327
-5.440189245796868 	 544.0189245796867
-4.536762187977383 	 453.67621879773833
-6.8891198877399145 	 688.9119887739912
